>> interpolacaoGrafica(3)

a =

   -9.5249
   -0.0226
    5.0000


b =

   -9.2582
   -0.0000
    4.9258


P_x =

     0


k =

     1


produtorio =

     1


indice =

     1


produtorio =

     1


indice =

     2

 
produtorio =
 
- (221*x)/2100 - 1/420
 

indice =

     3

 
produtorio =
 
((221*x)/2100 + 1/420)*((221*x)/3210 - 221/642)
 
 
L_nk =
 
((221*x)/2100 + 1/420)*((221*x)/3210 - 221/642)
 

k =

     2


produtorio =

     1


indice =

     1

 
produtorio =
 
(221*x)/2100 + 421/420
 

indice =

     2

 
produtorio =
 
(221*x)/2100 + 421/420
 

indice =

     3

 
produtorio =
 
-((221*x)/1110 - 221/222)*((221*x)/2100 + 421/420)
 
 
L_nk =
 
[ ((221*x)/2100 + 1/420)*((221*x)/3210 - 221/642), -((221*x)/1110 - 221/222)*((221*x)/2100 + 421/420)]
 

k =

     3


produtorio =

     1


indice =

     1

 
produtorio =
 
(221*x)/3210 + 421/642
 

indice =

     2

 
produtorio =
 
((221*x)/1110 + 1/222)*((221*x)/3210 + 421/642)
 

indice =

     3

 
produtorio =
 
((221*x)/1110 + 1/222)*((221*x)/3210 + 421/642)
 
 
L_nk =
 
[ ((221*x)/2100 + 1/420)*((221*x)/3210 - 221/642), -((221*x)/1110 - 221/222)*((221*x)/2100 + 421/420), ((221*x)/1110 + 1/222)*((221*x)/3210 + 421/642)]
 

k =

     1

 
P_x =
 
-(3120*((221*x)/2100 + 1/420)*((221*x)/3210 - 221/642))/337
 

k =

     2

 
P_x =
 
(((221*x)/1110 - 221/222)*((221*x)/2100 + 421/420))/562949953421312 - (3120*((221*x)/2100 + 1/420)*((221*x)/3210 - 221/642))/337
 

k =

     3

 
P_x =
 
(((221*x)/1110 - 221/222)*((221*x)/2100 + 421/420))/562949953421312 + (1660*((221*x)/1110 + 1/222)*((221*x)/3210 + 421/642))/337 - (3120*((221*x)/2100 + 1/420)*((221*x)/3210 - 221/642))/337
 
 
resultado =
 
(((221*x)/1110 - 221/222)*((221*x)/2100 + 421/420))/562949953421312 + (1660*((221*x)/1110 + 1/222)*((221*x)/3210 + 421/642))/337 - (3120*((221*x)/2100 + 1/420)*((221*x)/3210 - 221/642))/337
 
 
resultado =
 
(20896229393039988695539*x^2)/47317930235446897410048000 + (46301893952664124365071*x)/47317930235446897410048 + 41901738631031245195861/1892717209417875896401920
 
 
resultado =
 
0.00044161334380146166670029728924881*x^2 + 0.97852745718743128745798324657294*x + 0.022138404206679424603407195438216
 
                                       2
0.00044161334380146166670029728924881 x  + 0.97852745718743128745798324657294 x

   + 0.022138404206679424603407195438216


Xinter =

  Columns 1 through 10

  -10.0000   -9.7500   -9.5000   -9.2500   -9.0000   -8.7500   -8.5000   -8.2500   -8.0000   -7.7500

  Columns 11 through 20

   -7.5000   -7.2500   -7.0000   -6.7500   -6.5000   -6.2500   -6.0000   -5.7500   -5.5000   -5.2500

  Columns 21 through 30

   -5.0000   -4.7500   -4.5000   -4.2500   -4.0000   -3.7500   -3.5000   -3.2500   -3.0000   -2.7500

  Columns 31 through 40

   -2.5000   -2.2500   -2.0000   -1.7500   -1.5000   -1.2500   -1.0000   -0.7500   -0.5000   -0.2500

  Columns 41 through 50

         0    0.2500    0.5000    0.7500    1.0000    1.2500    1.5000    1.7500    2.0000    2.2500

  Columns 51 through 60

    2.5000    2.7500    3.0000    3.2500    3.5000    3.7500    4.0000    4.2500    4.5000    4.7500

  Columns 61 through 70

    5.0000    5.2500    5.5000    5.7500    6.0000    6.2500    6.5000    6.7500    7.0000    7.2500

  Columns 71 through 80

    7.5000    7.7500    8.0000    8.2500    8.5000    8.7500    9.0000    9.2500    9.5000    9.7500

  Column 81

   10.0000


y_a =

   -9.7190


Yinter =

   -9.7190


y_a =

   -9.4765


Yinter =

   -9.7190   -9.4765


y_a =

   -9.2340


Yinter =

   -9.7190   -9.4765   -9.2340


y_a =

   -8.9915


Yinter =

   -9.7190   -9.4765   -9.2340   -8.9915


y_a =

   -8.7488


Yinter =

   -9.7190   -9.4765   -9.2340   -8.9915   -8.7488


y_a =

   -8.5062


Yinter =

   -9.7190   -9.4765   -9.2340   -8.9915   -8.7488   -8.5062


y_a =

   -8.2634


Yinter =

   -9.7190   -9.4765   -9.2340   -8.9915   -8.7488   -8.5062   -8.2634


y_a =

   -8.0207


Yinter =

   -9.7190   -9.4765   -9.2340   -8.9915   -8.7488   -8.5062   -8.2634   -8.0207


y_a =

   -7.7778


Yinter =

   -9.7190   -9.4765   -9.2340   -8.9915   -8.7488   -8.5062   -8.2634   -8.0207   -7.7778


y_a =

   -7.5349


Yinter =

   -9.7190   -9.4765   -9.2340   -8.9915   -8.7488   -8.5062   -8.2634   -8.0207   -7.7778   -7.5349


y_a =

   -7.2920


Yinter =

  Columns 1 through 10

   -9.7190   -9.4765   -9.2340   -8.9915   -8.7488   -8.5062   -8.2634   -8.0207   -7.7778   -7.5349

  Column 11

   -7.2920


y_a =

   -7.0490


Yinter =

  Columns 1 through 10

   -9.7190   -9.4765   -9.2340   -8.9915   -8.7488   -8.5062   -8.2634   -8.0207   -7.7778   -7.5349

  Columns 11 through 12

   -7.2920   -7.0490


y_a =

   -6.8059


Yinter =

  Columns 1 through 10

   -9.7190   -9.4765   -9.2340   -8.9915   -8.7488   -8.5062   -8.2634   -8.0207   -7.7778   -7.5349

  Columns 11 through 13

   -7.2920   -7.0490   -6.8059


y_a =

   -6.5628


Yinter =

  Columns 1 through 10

   -9.7190   -9.4765   -9.2340   -8.9915   -8.7488   -8.5062   -8.2634   -8.0207   -7.7778   -7.5349

  Columns 11 through 14

   -7.2920   -7.0490   -6.8059   -6.5628


y_a =

   -6.3196


Yinter =

  Columns 1 through 10

   -9.7190   -9.4765   -9.2340   -8.9915   -8.7488   -8.5062   -8.2634   -8.0207   -7.7778   -7.5349

  Columns 11 through 15

   -7.2920   -7.0490   -6.8059   -6.5628   -6.3196


y_a =

   -6.0764


Yinter =

  Columns 1 through 10

   -9.7190   -9.4765   -9.2340   -8.9915   -8.7488   -8.5062   -8.2634   -8.0207   -7.7778   -7.5349

  Columns 11 through 16

   -7.2920   -7.0490   -6.8059   -6.5628   -6.3196   -6.0764


y_a =

   -5.8331


Yinter =

  Columns 1 through 10

   -9.7190   -9.4765   -9.2340   -8.9915   -8.7488   -8.5062   -8.2634   -8.0207   -7.7778   -7.5349

  Columns 11 through 17

   -7.2920   -7.0490   -6.8059   -6.5628   -6.3196   -6.0764   -5.8331


y_a =

   -5.5898


Yinter =

  Columns 1 through 10

   -9.7190   -9.4765   -9.2340   -8.9915   -8.7488   -8.5062   -8.2634   -8.0207   -7.7778   -7.5349

  Columns 11 through 18

   -7.2920   -7.0490   -6.8059   -6.5628   -6.3196   -6.0764   -5.8331   -5.5898


y_a =

   -5.3464


Yinter =

  Columns 1 through 10

   -9.7190   -9.4765   -9.2340   -8.9915   -8.7488   -8.5062   -8.2634   -8.0207   -7.7778   -7.5349

  Columns 11 through 19

   -7.2920   -7.0490   -6.8059   -6.5628   -6.3196   -6.0764   -5.8331   -5.5898   -5.3464


y_a =

   -5.1030


Yinter =

  Columns 1 through 10

   -9.7190   -9.4765   -9.2340   -8.9915   -8.7488   -8.5062   -8.2634   -8.0207   -7.7778   -7.5349

  Columns 11 through 20

   -7.2920   -7.0490   -6.8059   -6.5628   -6.3196   -6.0764   -5.8331   -5.5898   -5.3464   -5.1030


y_a =

   -4.8595


Yinter =

  Columns 1 through 10

   -9.7190   -9.4765   -9.2340   -8.9915   -8.7488   -8.5062   -8.2634   -8.0207   -7.7778   -7.5349

  Columns 11 through 20

   -7.2920   -7.0490   -6.8059   -6.5628   -6.3196   -6.0764   -5.8331   -5.5898   -5.3464   -5.1030

  Column 21

   -4.8595


y_a =

   -4.6159


Yinter =

  Columns 1 through 10

   -9.7190   -9.4765   -9.2340   -8.9915   -8.7488   -8.5062   -8.2634   -8.0207   -7.7778   -7.5349

  Columns 11 through 20

   -7.2920   -7.0490   -6.8059   -6.5628   -6.3196   -6.0764   -5.8331   -5.5898   -5.3464   -5.1030

  Columns 21 through 22

   -4.8595   -4.6159


y_a =

   -4.3723


Yinter =

  Columns 1 through 10

   -9.7190   -9.4765   -9.2340   -8.9915   -8.7488   -8.5062   -8.2634   -8.0207   -7.7778   -7.5349

  Columns 11 through 20

   -7.2920   -7.0490   -6.8059   -6.5628   -6.3196   -6.0764   -5.8331   -5.5898   -5.3464   -5.1030

  Columns 21 through 23

   -4.8595   -4.6159   -4.3723


y_a =

   -4.1286


Yinter =

  Columns 1 through 10

   -9.7190   -9.4765   -9.2340   -8.9915   -8.7488   -8.5062   -8.2634   -8.0207   -7.7778   -7.5349

  Columns 11 through 20

   -7.2920   -7.0490   -6.8059   -6.5628   -6.3196   -6.0764   -5.8331   -5.5898   -5.3464   -5.1030

  Columns 21 through 24

   -4.8595   -4.6159   -4.3723   -4.1286


