>> SegundaQuestao

resultado2a =

  133.9210


truncado3Dig =

  133.9210


truncado4Dig =

  133.9210


arredondado3Dig =

  133.9210


arredondado4Dig =

  133.9210


resultado2b =

  -15.433235565143656


truncado3Dig =

  -15.4330


truncado4Dig =

  -15.4332


arredondado3Dig =

  -15.4330


arredondado4Dig =

  -15.4332


resultado2c =

    0.285714285714286


truncado3Dig =

    0.2850


truncado4Dig =

    0.2857


arredondado3Dig =

    0.2860


arredondado4Dig =

    0.2857
