>> ArquivoPrincipal

...

    -2.0000


x =

    1.0000    2.0000    1.0000    2.0000    1.0000    2.0000


acabou =

     1


maior =

     0


conv =

   1.8986e-07


maior =

   1.8986e-07


acabou =

     0


conv =

   3.9822e-08


acabou =

     0


conv =

   1.8986e-07


maior =

   1.8986e-07


acabou =

     0


conv =

   2.8159e-08


acabou =

     0


conv =

   2.6851e-07


maior =

   2.6851e-07


acabou =

     0


conv =

   2.8159e-08


acabou =

     0


raizes =

    1.0000    2.0000    1.0000    2.0000    1.0000    2.0000


matrizConv =

  Columns 1 through 6

    1.5000    1.0625    0.6094    0.3711    0.2236    0.1350

  Columns 7 through 12

    0.0815    0.0492    0.0297    0.0179    0.0108    0.0065

  Columns 13 through 18

    0.0039    0.0024    0.0014    0.0009    0.0005    0.0003

  Columns 19 through 24

    0.0002    0.0001    0.0001    0.0000    0.0000    0.0000

  Columns 25 through 30

    0.0000    0.0000    0.0000    0.0000    0.0000    0.0000

  Columns 31 through 32

    0.0000    0.0000


X0 =

    1.0000    2.0000    1.0000    2.0000    1.0000    2.0000


somatorio =

     0


somatorio =

   -2.0000


somatorio =

   -2.0000


somatorio =

   -4.0000


somatorio =

   -4.0000


somatorio =

   -4.0000


x =

    1.0000    2.0000    1.0000    2.0000    1.0000    2.0000


somatorio =

     0


somatorio =

   -1.0000


somatorio =

   -2.0000


somatorio =

   -2.0000


somatorio =

   -3.0000


somatorio =

   -3.0000


x =

    1.0000    2.0000    1.0000    2.0000    1.0000    2.0000


somatorio =

     0


somatorio =

     0


somatorio =

   -2.0000


somatorio =

   -2.0000


somatorio =

   -2.0000


somatorio =

   -4.0000


x =

    1.0000    2.0000    1.0000    2.0000    1.0000    2.0000


somatorio =

     0


somatorio =

   -1.0000


somatorio =

   -1.0000


somatorio =

   -1.0000


somatorio =

   -2.0000


somatorio =

   -2.0000


x =

    1.0000    2.0000    1.0000    2.0000    1.0000    2.0000


somatorio =

     0


somatorio =

     0


somatorio =

   -2.0000


somatorio =

   -2.0000


somatorio =

   -4.0000


somatorio =

   -6.0000


x =

    1.0000    2.0000    1.0000    2.0000    1.0000    2.0000


somatorio =

     0


somatorio =

     0


somatorio =

     0


somatorio =

   -1.0000


somatorio =

   -1.0000


somatorio =

   -2.0000


x =

    1.0000    2.0000    1.0000    2.0000    1.0000    2.0000


acabou =

     1


maior =

     0


conv =

   1.6995e-08


maior =

   1.6995e-08


acabou =

     0


conv =

   1.6206e-07


maior =

   1.6206e-07


acabou =

     0


conv =

   1.6995e-08


acabou =

     0


conv =

   1.1459e-07


acabou =

     0


conv =

   2.4035e-08


acabou =

     0


conv =

   1.1459e-07


acabou =

     0


raizes =

    1.0000    2.0000    1.0000    2.0000    1.0000    2.0000


matrizConv =

  Columns 1 through 6

    1.5000    1.0625    0.6094    0.3711    0.2236    0.1350

  Columns 7 through 12

    0.0815    0.0492    0.0297    0.0179    0.0108    0.0065

  Columns 13 through 18

    0.0039    0.0024    0.0014    0.0009    0.0005    0.0003

  Columns 19 through 24

    0.0002    0.0001    0.0001    0.0000    0.0000    0.0000

  Columns 25 through 30

    0.0000    0.0000    0.0000    0.0000    0.0000    0.0000

  Columns 31 through 33

    0.0000    0.0000    0.0000


X0 =

    1.0000    2.0000    1.0000    2.0000    1.0000    2.0000


somatorio =

     0


somatorio =

   -2.0000


somatorio =

   -2.0000


somatorio =

   -4.0000


somatorio =

   -4.0000


somatorio =

   -4.0000


x =

    1.0000    2.0000    1.0000    2.0000    1.0000    2.0000


somatorio =

     0


somatorio =

   -1.0000


somatorio =

   -2.0000


somatorio =

   -2.0000


somatorio =

   -3.0000


somatorio =

   -3.0000


x =

    1.0000    2.0000    1.0000    2.0000    1.0000    2.0000


somatorio =

     0


somatorio =

     0


somatorio =

   -2.0000


somatorio =

   -2.0000


somatorio =

   -2.0000


somatorio =

   -4.0000


x =

    1.0000    2.0000    1.0000    2.0000    1.0000    2.0000


somatorio =

     0


somatorio =

   -1.0000


somatorio =

   -1.0000


somatorio =

   -1.0000


somatorio =

   -2.0000


somatorio =

   -2.0000


x =

    1.0000    2.0000    1.0000    2.0000    1.0000    2.0000


somatorio =

     0


somatorio =

     0


somatorio =

   -2.0000


somatorio =

   -2.0000


somatorio =

   -4.0000


somatorio =

   -6.0000


x =

    1.0000    2.0000    1.0000    2.0000    1.0000    2.0000


somatorio =

     0


somatorio =

     0


somatorio =

     0


somatorio =

   -1.0000


somatorio =

   -1.0000


somatorio =

   -2.0000


x =

    1.0000    2.0000    1.0000    2.0000    1.0000    2.0000


acabou =

     1


maior =

     0


conv =

   6.9163e-08


maior =

   6.9163e-08


acabou =

     0


conv =

   1.4506e-08


acabou =

     0


conv =

   6.9163e-08


maior =

   6.9163e-08


acabou =

     0


conv =

   1.0258e-08


acabou =

     0


conv =

   9.7811e-08


maior =

   9.7811e-08


acabou =

     0


conv =

   1.0258e-08


acabou =

     0


raizes =

    1.0000    2.0000    1.0000    2.0000    1.0000    2.0000


matrizConv =

  Columns 1 through 6

    1.5000    1.0625    0.6094    0.3711    0.2236    0.1350

  Columns 7 through 12

    0.0815    0.0492    0.0297    0.0179    0.0108    0.0065

  Columns 13 through 18

    0.0039    0.0024    0.0014    0.0009    0.0005    0.0003

  Columns 19 through 24

    0.0002    0.0001    0.0001    0.0000    0.0000    0.0000

  Columns 25 through 30

    0.0000    0.0000    0.0000    0.0000    0.0000    0.0000

  Columns 31 through 34

    0.0000    0.0000    0.0000    0.0000


X0 =

    1.0000    2.0000    1.0000    2.0000    1.0000    2.0000


somatorio =

     0


somatorio =

   -2.0000


somatorio =

   -2.0000


somatorio =

   -4.0000


somatorio =

   -4.0000


somatorio =

   -4.0000


x =

    1.0000    2.0000    1.0000    2.0000    1.0000    2.0000


somatorio =

     0


somatorio =

   -1.0000


somatorio =

   -2.0000


somatorio =

   -2.0000


somatorio =

   -3.0000


somatorio =

   -3.0000


x =

    1.0000    2.0000    1.0000    2.0000    1.0000    2.0000


somatorio =

     0


somatorio =

     0


somatorio =

   -2.0000


somatorio =

   -2.0000


somatorio =

   -2.0000


somatorio =

   -4.0000


x =

    1.0000    2.0000    1.0000    2.0000    1.0000    2.0000


somatorio =

     0


somatorio =

   -1.0000


somatorio =

   -1.0000


somatorio =

   -1.0000


somatorio =

   -2.0000


somatorio =

   -2.0000


x =

    1.0000    2.0000    1.0000    2.0000    1.0000    2.0000


somatorio =

     0


somatorio =

     0


somatorio =

   -2.0000


somatorio =

   -2.0000


somatorio =

   -4.0000


somatorio =

   -6.0000


x =

    1.0000    2.0000    1.0000    2.0000    1.0000    2.0000


somatorio =

     0


somatorio =

     0


somatorio =

     0


somatorio =

   -1.0000


somatorio =

   -1.0000


somatorio =

   -2.0000


x =

    1.0000    2.0000    1.0000    2.0000    1.0000    2.0000


acabou =

     1


maior =

     0


conv =

   6.1910e-09


maior =

   6.1910e-09


acabou =

     0


conv =

   5.9034e-08


maior =

   5.9034e-08


acabou =

     0


conv =

   6.1910e-09


acabou =

     0


conv =

   4.1743e-08


acabou =

     0


conv =

   8.7554e-09


acabou =

     0


conv =

   4.1743e-08


acabou =

     0


raizes =

    1.0000    2.0000    1.0000    2.0000    1.0000    2.0000


matrizConv =

  Columns 1 through 6

    1.5000    1.0625    0.6094    0.3711    0.2236    0.1350

  Columns 7 through 12

    0.0815    0.0492    0.0297    0.0179    0.0108    0.0065

  Columns 13 through 18

    0.0039    0.0024    0.0014    0.0009    0.0005    0.0003

  Columns 19 through 24

    0.0002    0.0001    0.0001    0.0000    0.0000    0.0000

  Columns 25 through 30

    0.0000    0.0000    0.0000    0.0000    0.0000    0.0000

  Columns 31 through 35

    0.0000    0.0000    0.0000    0.0000    0.0000


